6.964174187034812176e-03 7.257452967642957255e-03 6.687926234727699371e-03 6.124558755667203723e-03 7.059752419569039102e-03 7.691092898973094817e-03 8.489953220313518900e-03 8.210267491945415219e-03 8.379915205394373318e-03 9.108361003791334148e-03 9.351764673704498695e-03 8.488896053870154113e-03 9.149732794434393968e-03 1.004899324826648288e-02 1.004040329260649789e-02 9.886939064340852928e-03 1.054774982479856488e-02 1.155885986033470918e-02 1.359057208949527619e-02 1.769223397069809300e-02 1.723714205828990806e-02 1.815470402310873088e-02 1.762642971642639986e-02 1.627225561677380500e-02
8.543096088156452647e-03 8.450613855132552490e-03 7.847642917032068496e-03 7.439018981934312005e-03 8.281068366287029289e-03 8.866310569923941884e-03 9.640782655710163768e-03 9.557256836258409827e-03 9.621302549005237084e-03 1.068507027236880944e-02 1.135441973009203992e-02 1.101003309225840297e-02 1.226083326733267385e-02 1.344199198627023945e-02 1.350858085086860394e-02 1.298639642191466367e-02 1.320043491581209157e-02 1.548115795827845025e-02 1.767609368349558688e-02 1.931169237190407534e-02 1.962036798212543967e-02 2.034186110900989067e-02 1.856982437100216515e-02 1.834445339874161626e-02
7.964798484017271071e-03 7.594955905699948655e-03 7.276970136306847546e-03 6.797742661484859790e-03 7.583533423310108261e-03 8.311238016495955949e-03 9.095333139229500041e-03 8.969323592087479272e-03 9.050071194786199133e-03 1.027892561629515679e-02 1.081077286889930815e-02 1.047664582597659065e-02 1.279476676926418616e-02 1.368017030420070126e-02 1.321779860941149111e-02 1.259714126988648562e-02 1.317637951206605297e-02 1.723059319293902478e-02 2.170470208063530332e-02 2.108392250544131180e-02 2.027489029418658162e-02 2.235829808866339821e-02 2.085443410273916942e-02 2.192020679321032492e-02
7.376532600532376312e-03 7.803426874881700531e-03 7.219830837828790718e-03 6.669679807972962379e-03 7.679858368624127227e-03 8.451025291126396458e-03 9.363906306527785758e-03 9.145283374512270733e-03 9.005290469704592057e-03 9.737632591095434290e-03 9.955349435513587489e-03 1.043491551381875090e-02 1.184534971849214580e-02 1.416901210775753199e-02 1.347562793939555484e-02 1.262294835432093906e-02 1.292166571782214085e-02 1.813502472082986414e-02 2.115054842187190365e-02 2.012087743230317124e-02 2.001598896137227190e-02 1.990780998777273367e-02 1.923478336548972364e-02 2.073475324201166925e-02
7.639328977993069258e-03 7.592052948255504675e-03 6.949589793454514705e-03 6.561187142316059553e-03 7.190381690582939821e-03 7.641765241003055202e-03 8.373875833802019858e-03 8.410795335816978816e-03 8.415398089137032106e-03 9.477244391299880638e-03 9.893911665235686007e-03 1.030248043912324746e-02 1.357768571259890082e-02 1.608876217495193439e-02 1.529060183598685181e-02 1.390583274401097254e-02 1.394748540346337461e-02 1.827662003894373402e-02 2.022624384760362062e-02 1.955052121957225747e-02 1.711852276975951367e-02 1.718310382104007786e-02 1.828078654848583340e-02 2.013100931849479136e-02
7.333372734469321627e-03 7.418555036648249827e-03 7.047400696570013147e-03 6.550007431781924502e-03 7.588813066386461241e-03 8.462434348748373511e-03 9.020088692318737819e-03 9.139251356048101738e-03 9.145111692959931662e-03 1.036838747464181171e-02 1.077842974336066725e-02 1.119307886126707195e-02 1.409180568603630827e-02 1.699509026769544656e-02 1.579532957408439839e-02 1.479833694012099021e-02 1.475320658195093670e-02 1.840466621823539858e-02 1.996021021826454092e-02 1.959445514322506049e-02 2.007230484495251682e-02 1.997005044791510739e-02 2.040764212813950956e-02 2.262466126545327472e-02
8.103523425886008380e-03 8.204589210407495226e-03 7.772059829947376014e-03 7.842552238238114162e-03 7.686206523462513034e-03 8.127348622653303434e-03 8.306082707160645368e-03 9.256933148442133760e-03 8.122721305325207239e-03 9.172449743101178735e-03 9.949705155281254529e-03 1.042534404912197690e-02 1.231659033291473970e-02 1.553465965473047571e-02 1.520362381742995650e-02 1.584704572880203666e-02 1.524296477658260325e-02 1.834405347028679814e-02 1.916018885556563384e-02 1.911910767748974810e-02 1.993966457825233421e-02 1.984426511615204267e-02 1.960108345656632819e-02 2.050730296934181671e-02
8.108572511409494268e-03 8.193572369755522736e-03 7.614476666793092326e-03 7.205328285417674297e-03 7.880458563668608224e-03 8.655828905137899487e-03 8.462212521388179365e-03 9.507695753866561225e-03 8.486016115460679951e-03 9.710063159488201839e-03 1.030291654801619369e-02 1.086178064104816043e-02 1.591256554899119630e-02 1.541942956492396710e-02 1.517121389273770604e-02 1.656572546818411984e-02 1.545301973615130497e-02 1.831444790880994503e-02 1.878351526615633024e-02 1.862398528895255548e-02 1.949822920237341550e-02 1.939089545549454313e-02 1.827579704065819197e-02 1.948216578334487081e-02
7.487654349401467666e-03 6.999784735339284469e-03 6.383892410531404396e-03 6.175719223174628604e-03 7.203687148353744504e-03 8.014238663709101484e-03 8.222443511216089712e-03 8.443295777975657820e-03 8.173604777798772550e-03 9.016632124490891673e-03 9.735817443400315505e-03 1.023799442765663606e-02 1.220747799608416437e-02 1.561436675017332208e-02 1.509269388788354524e-02 1.429400930737783314e-02 1.415545369969186708e-02 1.777715095544592575e-02 1.910147487701010713e-02 1.926987519777141264e-02 1.992184743237330677e-02 1.764512658543061080e-02 1.774133510784707893e-02 1.984027920950447860e-02
7.678613552364439709e-03 7.753122674524372433e-03 7.207985731907045474e-03 6.872823695375833430e-03 7.360164078416620188e-03 7.579463004662547951e-03 8.045493011693596527e-03 8.374223403873464269e-03 8.318125287367101467e-03 9.277157533851380922e-03 1.026415089910084726e-02 1.082559080740014626e-02 1.293528093227288081e-02 1.693601693778201342e-02 1.620035574208169432e-02 2.322917591926571337e-02 2.172638421588877697e-02 1.835766890331445508e-02 2.567585005375787668e-02 1.836214321278727135e-02 1.945256423472458210e-02 1.736528582020228570e-02 1.771401324722677098e-02 1.878044567983767552e-02
7.413046790600779680e-03 7.516471209374150225e-03 7.096986732585382554e-03 6.421224004759217875e-03 7.174267538676698530e-03 7.659093860689849750e-03 8.093386513481463235e-03 8.147145621165963886e-03 8.060989548871641888e-03 8.842013265598540686e-03 9.180476658189109032e-03 9.698968888032557731e-03 1.125998238531890697e-02 1.442508200928169920e-02 1.395118138299063400e-02 1.339781529269819423e-02 1.274698054091607038e-02 1.702727252409240444e-02 1.832247483500267296e-02 1.797092214523253115e-02 1.840625544778730707e-02 1.607629126778330197e-02 1.676045400559631610e-02 1.731002307597560505e-02
8.041351281076936433e-03 7.940296690972098448e-03 7.709479975972095660e-03 7.278709347011177999e-03 8.321602114702465400e-03 8.357347004190269005e-03 8.214812010958687238e-03 8.335395951036458570e-03 8.226875791755620948e-03 9.031879166924257005e-03 9.475852178222769762e-03 9.791874277160090775e-03 1.136141156355192569e-02 1.423566177564362413e-02 1.410942818902887440e-02 1.733079264323115001e-02 1.462972720460599917e-02 1.603134693478756867e-02 1.679070793512374773e-02 1.723483362190119175e-02 1.938617782964137046e-02 1.684187332048387581e-02 1.604245973716065393e-02 1.691248296606170931e-02
7.439717370018307865e-03 7.394646276908035075e-03 7.122860541662252333e-03 6.670635470638569195e-03 7.502094944918626801e-03 7.781432725247695685e-03 7.894493841984616400e-03 8.080957072605801303e-03 8.126644410152926087e-03 8.982908694938314745e-03 9.502646963842826741e-03 9.960628236854640952e-03 1.134171455338371139e-02 1.517908137606354541e-02 1.529805158396214428e-02 1.812822548685429774e-02 1.644923951199100606e-02 1.737544297516462055e-02 1.792294832185534897e-02 1.833682537029729040e-02 2.427706955720056181e-02 1.477413188036622894e-02 1.548265120140078152e-02 1.514458019921360345e-02
7.585233630678459363e-03 7.444464586823590184e-03 6.965062727451372740e-03 6.944276490883039173e-03 7.551809220732614951e-03 7.636773535783533337e-03 7.621807123811555167e-03 7.916612708803094298e-03 7.917443221160943428e-03 8.311912745403833569e-03 8.753884861179001345e-03 8.795644247227688006e-03 9.427729287495316760e-03 1.200488115958302932e-02 1.195110591901912822e-02 1.359149717337437314e-02 1.264519038466004226e-02 1.331222662168161583e-02 1.271066685082337770e-02 1.217258038211969928e-02 1.187753129468118243e-02 1.093731052209288672e-02 1.205735231496877537e-02 1.097133624915626847e-02
6.899931280322099507e-03 6.789466701550110617e-03 6.765519216091727198e-03 6.727968614654689962e-03 7.631272876548475005e-03 7.866926719411878807e-03 7.674826727877806683e-03 7.887883109126997416e-03 7.821620192495529547e-03 7.904186971801195616e-03 8.285384783424531649e-03 8.359783756827849494e-03 8.795531230468911846e-03 1.103560156899742288e-02 1.119752039471559081e-02 1.256227073655402475e-02 1.167822358496931577e-02 1.219446589230069496e-02 1.160537575656019407e-02 1.149380952379590662e-02 1.137789486619505443e-02 1.103951940527328653e-02 1.171426130973990398e-02 1.162518390956776386e-02
7.306141601832656998e-03 7.121167203614809336e-03 6.921039833640812121e-03 6.784841220270711182e-03 7.498432703069554152e-03 7.227237935075948166e-03 6.939632959971448953e-03 7.124675766680231906e-03 7.334389051475087400e-03 7.576254933460644866e-03 8.089606679848435414e-03 8.388340627589191759e-03 8.967472746355715715e-03 1.130352753782920550e-02 1.141452422377277169e-02 1.351503011461324850e-02 1.249154707250975903e-02 1.216983389520942364e-02 1.121241486685961054e-02 1.135881066563588018e-02 1.137805355552906281e-02 1.099510914848334485e-02 1.090658594294248961e-02 1.083613644574226050e-02
7.648874942520264043e-03 7.459599158185704036e-03 6.953970774538530825e-03 6.881865291687049545e-03 7.471809512249721202e-03 7.433725073427430337e-03 6.763919122182566329e-03 7.025464147749425035e-03 7.362579949873232325e-03 7.596932679914862943e-03 7.987322771575183777e-03 8.457928512479733971e-03 8.921382056432992230e-03 1.088804591769254072e-02 1.103228335967351877e-02 1.284942040840110315e-02 1.227595615868857896e-02 1.218454299983717792e-02 1.185605793588888866e-02 1.148389541905883368e-02 1.110077515888738958e-02 1.120901261882564434e-02 1.089784882979380129e-02 1.027990368746637719e-02
7.342189199014487883e-03 7.168180659227039835e-03 6.807528834077664764e-03 6.753943384281188567e-03 7.255161368452140748e-03 6.950920558787264912e-03 6.904587926210114905e-03 7.062766695030896387e-03 7.216693340013362670e-03 7.228611850517790982e-03 7.865280092076100751e-03 8.097638030532506095e-03 8.224252969280212988e-03 9.372615706195066773e-03 9.661408804610013834e-03 1.166716191268298182e-02 1.108773932531007672e-02 1.084189657863300280e-02 1.029786397504750713e-02 9.707749048492029728e-03 9.979330937622979056e-03 1.023389713905351744e-02 9.685024606522610324e-03 9.545776231807016898e-03
7.294224916132431395e-03 7.081687986682554808e-03 6.682326393092777664e-03 6.573094115913309145e-03 7.228956102245911314e-03 7.181466771044308327e-03 6.832824819278458806e-03 6.987396293346720064e-03 7.348881252045491065e-03 7.348296872035635363e-03 7.801379452385881139e-03 7.862149066406047895e-03 7.783423331028650055e-03 8.996584336802292831e-03 9.192530242441430618e-03 1.110390890268355205e-02 1.034918227230236659e-02 1.022114986778721590e-02 9.222277815257641856e-03 8.921622639949316341e-03 9.397963319137777466e-03 9.861503854292626853e-03 8.947088479057986599e-03 8.633709017074154418e-03
7.298195451342590415e-03 7.198893290238858600e-03 7.146408502016590551e-03 7.050310249389841848e-03 7.372443893238982138e-03 7.169937597205877124e-03 6.780606634916874938e-03 6.972298133606596310e-03 7.308745665860263800e-03 7.424977557407019986e-03 7.901579635379359090e-03 8.374903992973510222e-03 8.744755441117078518e-03 9.599531590982186488e-03 9.921163090177579150e-03 1.142000054860630061e-02 1.073772803125916213e-02 1.056067495557598372e-02 9.810041130810515445e-03 9.212637419732924715e-03 9.713819026922256364e-03 9.895625179197680907e-03 8.858706799112802885e-03 8.482790567584396618e-03
7.004216761958404099e-03 6.431578295866323056e-03 6.611671987634073003e-03 6.864077946142701191e-03 7.773149741468954842e-03 7.484627189342207484e-03 7.207984447721187127e-03 7.291146682250430715e-03 7.501088719028688526e-03 7.764734985639516751e-03 8.351783612722174857e-03 8.594116499664778905e-03 8.429439588812051576e-03 8.867429647172039506e-03 8.844164427909063930e-03 1.085055554924579599e-02 1.016152339798150755e-02 9.535640388836582465e-03 8.582507882524957263e-03 8.832409315113146780e-03 9.531456545077887990e-03 1.037063872109496125e-02 9.149980160416487651e-03 8.987028644965072005e-03
