9.839293872850181089e+00 9.849609962633291360e+00 9.854785712916232399e+00 9.854455236065012613e+00 9.857101602737182944e+00 9.858065539754528928e+00 9.859306972713943296e+00 9.857690296979329858e+00 9.859910571846810967e+00 9.861313429301299394e+00 9.861281769718695855e+00 9.863903435439235423e+00 9.864912468440307336e+00 9.868794758721291416e+00 9.869578678802536587e+00 9.868751703067658809e+00 9.868034476333548355e+00 9.868425432580309575e+00 9.865728609159464924e+00 9.865087146799504936e+00 9.866398192044416149e+00
9.839293872850181089e+00 9.849609962633291360e+00 9.854785712916232399e+00 9.854455236065012613e+00 9.857101602737182944e+00 9.858065539754528928e+00 9.859306972713943296e+00 9.857690296979329858e+00 9.859910571846810967e+00 9.861313429301299394e+00 9.861281769718695855e+00 9.863903435439235423e+00 9.864912468440307336e+00 9.868794758721291416e+00 9.869578678802536587e+00 9.868751703067658809e+00 9.868034476333548355e+00 9.868425432580309575e+00 9.865728609159464924e+00 9.865087146799504936e+00 9.866398192044416149e+00
9.839293872850181089e+00 9.849609962633291360e+00 9.854785712916232399e+00 9.854455236065012613e+00 9.857101602737182944e+00 9.858065539754528928e+00 9.859306972713943296e+00 9.857690296979329858e+00 9.859910571846810967e+00 9.861313429301299394e+00 9.861281769718695855e+00 9.863903435439235423e+00 9.864912468440307336e+00 9.868794758721291416e+00 9.869578678802536587e+00 9.868751703067658809e+00 9.868034476333548355e+00 9.868425432580309575e+00 9.865728609159464924e+00 9.865087146799504936e+00 9.866398192044416149e+00
4.639441222790899452e-04 2.137780303016538307e-05 1.575467915048632574e-05 2.472387851768674598e-05 2.160575342792921355e-04 7.588350557626145725e-05 2.003152213610617598e-04 1.462012846435458400e-05 1.370549996048330701e-05 4.037870694011656564e-05 5.327269926033240469e-05 1.753027108462535197e-05 1.806716759201083076e-05 1.007027940302254265e-04 1.115446832899745700e-04 8.188736587722102763e-05 7.564399517235358898e-05 7.632921883543101181e-05 7.275157791954873240e-05 3.930450760090090253e-05 5.218770810568813990e-05
4.639441222790899452e-04 2.137780303016538307e-05 1.575467915048632574e-05 2.472387851768674598e-05 2.160575342792921355e-04 7.588350557626145725e-05 2.003152213610617598e-04 1.462012846435458400e-05 1.370549996048330701e-05 4.037870694011656564e-05 5.327269926033240469e-05 1.753027108462535197e-05 1.806716759201083076e-05 1.007027940302254265e-04 1.115446832899745700e-04 8.188736587722102763e-05 7.564399517235358898e-05 7.632921883543101181e-05 7.275157791954873240e-05 3.930450760090090253e-05 5.218770810568813990e-05
4.639441222790899452e-04 2.137780303016538307e-05 1.575467915048632574e-05 2.472387851768674598e-05 2.160575342792921355e-04 7.588350557626145725e-05 2.003152213610617598e-04 1.462012846435458400e-05 1.370549996048330701e-05 4.037870694011656564e-05 5.327269926033240469e-05 1.753027108462535197e-05 1.806716759201083076e-05 1.007027940302254265e-04 1.115446832899745700e-04 8.188736587722102763e-05 7.564399517235358898e-05 7.632921883543101181e-05 7.275157791954873240e-05 3.930450760090090253e-05 5.218770810568813990e-05
9.753805651666352716e+00 9.769571724820588443e+00 9.772671193271341039e+00 9.781950405677845239e+00 9.789814581758250256e+00 9.795842630099013348e+00 9.804670147244330281e+00 9.800742771622797278e+00 9.803839191044172452e+00 9.808208797133815438e+00 9.806365922472940255e+00 9.816871761730617152e+00 9.820665341723897157e+00 9.828907405437837141e+00 9.829013428403492014e+00 9.832010754166423894e+00 9.834245334742398370e+00 9.833784483017952383e+00 9.833911704586482116e+00 9.834168238906091375e+00 9.834431636309963309e+00
9.753805651666352716e+00 9.769571724820588443e+00 9.772671193271341039e+00 9.781950405677845239e+00 9.789814581758250256e+00 9.795842630099013348e+00 9.804670147244330281e+00 9.800742771622797278e+00 9.803839191044172452e+00 9.808208797133815438e+00 9.806365922472940255e+00 9.816871761730617152e+00 9.820665341723897157e+00 9.828907405437837141e+00 9.829013428403492014e+00 9.832010754166423894e+00 9.834245334742398370e+00 9.833784483017952383e+00 9.833911704586482116e+00 9.834168238906091375e+00 9.834431636309963309e+00
1.001324941885121156e+01 9.993857195251015568e+00 9.983915336920118122e+00 9.971192956874585178e+00 9.967654805409459584e+00 9.962647549987101669e+00 9.956157790860267198e+00 9.958571752170673363e+00 9.957074150068262242e+00 9.954884588469052886e+00 9.956569162393700267e+00 9.948878978380555793e+00 9.947947530040430308e+00 9.946893836189106608e+00 9.946114205568797217e+00 9.941226792349320718e+00 9.934897228523819734e+00 9.938489696753997293e+00 9.934854077337197609e+00 9.929393957741838861e+00 9.931836422598694369e+00
8.360958762006204378e-05 1.771600326457613566e-04 6.818208725611371857e-06 4.311944514011170659e-05 1.938683249295300405e-04 2.682821214026937220e-05 6.720789579787456722e-05 4.682723860459950895e-05 1.484908616966362825e-04 2.437769810257807304e-04 1.315649651102130226e-04 4.478572733052391222e-05 1.022137325115361847e-05 9.860576733004383339e-05 6.339454902121124827e-05 5.912044355477705113e-05 5.009816875100333802e-05 1.065408213582858825e-05 4.873756972855941208e-05 6.540355537362840344e-05 0.000000000000000000e+00
8.360958762006204378e-05 1.771600326457613566e-04 6.818208725611371857e-06 4.311944514011170659e-05 1.938683249295300405e-04 2.682821214026937220e-05 6.720789579787456722e-05 4.682723860459950895e-05 1.484908616966362825e-04 2.437769810257807304e-04 1.315649651102130226e-04 4.478572733052391222e-05 1.022137325115361847e-05 9.860576733004383339e-05 6.339454902121124827e-05 5.912044355477705113e-05 5.009816875100333802e-05 1.065408213582858825e-05 4.873756972855941208e-05 6.540355537362840344e-05 0.000000000000000000e+00
2.277463217778034291e-04 2.508701541367985822e-04 1.123497338588326885e-04 9.377087125744880099e-05 2.338541919988574604e-04 1.430109844006356603e-04 1.516071291552026736e-04 4.350385127121816887e-05 2.488267802327509721e-04 3.463781201791024515e-04 1.973217645687508164e-04 2.267974493398391107e-05 2.221511710817963614e-05 1.997485633090509882e-04 1.143723016203223550e-04 1.446638790730261578e-04 1.074005892131895865e-04 4.849968458124725811e-05 9.815055685898867643e-05 1.117028364082740029e-04 1.776356839400250465e-15
1.001516875149391694e+01 9.995311199421163195e+00 9.987331646179679723e+00 9.974679315579804140e+00 9.968346619610194637e+00 9.962822522545494053e+00 9.958483284159921567e+00 9.959831125990183054e+00 9.958955444821931735e+00 9.955092925805365311e+00 9.960050925465917970e+00 9.943610139321206631e+00 9.943893699001584707e+00 9.941621079677755546e+00 9.937704535929960059e+00 9.933830909411359045e+00 9.924354527676305437e+00 9.933172365322205266e+00 9.929500363102214067e+00 9.923755539195434849e+00 9.927121169719605120e+00
9.799529856812949191e+00 9.820084685455212181e+00 9.829664177666098013e+00 9.838228701792848696e+00 9.845431360484260708e+00 9.850943897499504942e+00 9.852142773992278890e+00 9.850030514455189845e+00 9.853924085589184756e+00 9.855416009486550166e+00 9.853622183555804881e+00 9.866065077720765686e+00 9.866480501503103184e+00 9.865983045482849434e+00 9.863612163779013287e+00 9.864316147321028794e+00 9.863395646569031783e+00 9.854111142499682785e+00 9.852512797247833021e+00 9.849182233375357143e+00 9.850706422971411413e+00
9.710849140230520149e+00 9.720233347284919390e+00 9.717383470498914377e+00 9.722055739888368464e+00 9.730546353944562910e+00 9.733267272063120146e+00 9.745258873884232287e+00 9.741096876402306037e+00 9.742000523976278359e+00 9.745320636294501071e+00 9.743503958486785521e+00 9.759185725535489908e+00 9.764500423335242374e+00 9.788611449274828402e+00 9.796905922424548052e+00 9.797688738557225108e+00 9.812103606857858651e+00 9.817131842030052624e+00 9.818237072997929360e+00 9.823427761091624077e+00 9.819812176215606314e+00
3.088005761247624510e-04 4.710137897438743527e-04 9.673072147778018874e-06 4.644933059874632991e-04 4.093526477905363070e-04 5.673108876006433899e-04 7.972864075317126096e-04 6.808536320790378542e-05 5.655306463497142711e-04 7.725037600593505404e-05 2.440031383822868186e-04 2.153172901758246380e-04 2.805014767868850415e-04 5.262618058920511666e-05 5.373968978613521508e-05 5.608869943172682611e-05 1.401765131720980240e-05 1.665616811651897031e-04 1.339157112531134306e-05 2.388678577986454307e-04 3.127194840428027325e-05
4.483728544957365884e-04 3.929181304194701127e-04 8.592234490718549954e-06 3.371509098902621300e-04 4.648203173817872587e-04 4.153942722258462225e-04 4.460661816142295227e-04 2.538896880063051201e-04 3.142947511529523485e-04 1.204909130790749751e-04 2.114135174467201054e-04 2.539118475469160610e-04 2.191070628853845773e-04 1.495071629608000499e-04 3.059692355359485577e-04 2.365136568449786533e-04 9.941349057927405765e-06 1.813733864653024137e-04 1.888259786972869996e-05 1.914146166177151879e-04 6.413295540049228274e-05
3.909850946645801548e-04 2.811270598538466448e-04 1.477748602413028858e-05 4.944564832226380074e-04 3.355804612615350259e-04 3.204405624488275992e-04 3.612538795302893302e-04 3.340397201562688790e-04 3.199276667946414896e-04 2.399593852939264677e-05 5.173339159918819693e-05 2.195490866110029102e-04 2.507270302384885389e-04 1.239138861498401940e-05 7.134985108847578838e-05 6.433799610812875188e-05 2.868864606105787540e-06 1.420474912235094775e-04 1.158764094969468901e-05 3.349235915286033266e-04 1.501705363581335600e-05
9.752892682568534255e+00 9.769268942835186209e+00 9.771791319582257884e+00 9.781099235953563564e+00 9.788114900353354741e+00 9.794299908211225869e+00 9.803794872167301833e+00 9.799514402470183683e+00 9.803933452726800724e+00 9.806913500349958568e+00 9.805910768718913317e+00 9.816740503611885771e+00 9.821677603202195073e+00 9.829540482899146170e+00 9.832751101835633278e+00 9.832631568052702775e+00 9.835821289904352227e+00 9.835754625472031165e+00 9.837460408110143106e+00 9.836926554287067859e+00 9.837990065880362067e+00
9.752892682568534255e+00 9.769268942835186209e+00 9.771791319582257884e+00 9.781099235953563564e+00 9.788114900353354741e+00 9.794299908211225869e+00 9.803794872167301833e+00 9.799514402470183683e+00 9.803933452726800724e+00 9.806913500349958568e+00 9.805910768718913317e+00 9.816740503611885771e+00 9.821677603202195073e+00 9.829540482899146170e+00 9.832751101835633278e+00 9.832631568052702775e+00 9.835821289904352227e+00 9.835754625472031165e+00 9.837460408110143106e+00 9.836926554287067859e+00 9.837990065880362067e+00
1.001415612590830584e+01 9.992024360007874861e+00 9.982761507865681949e+00 9.970033310552071981e+00 9.965730698335702797e+00 9.961546637778340596e+00 9.956239967503945465e+00 9.956586504368376112e+00 9.954239730099455841e+00 9.953852993192318976e+00 9.955246976539090298e+00 9.947321800725605456e+00 9.945697689932735841e+00 9.945542716616527557e+00 9.941709033787470062e+00 9.939620576606531088e+00 9.931624538232449950e+00 9.933502261795036148e+00 9.928105902527116555e+00 9.924127887526630332e+00 9.924551959169287230e+00
1.522114671361104164e-04 7.874685011066557259e-05 1.727487796515146743e-04 3.449880104888527446e-04 7.797594085371614160e-05 8.949748913657900576e-05 3.914545186086845031e-05 5.831037418918921214e-06 5.291602953989009873e-05 8.558780830395049805e-05 6.187465452818852250e-05 1.623869622753558066e-05 1.748109189067119338e-05 4.424616279711469973e-05 1.060295601951131950e-04 5.402125112488148596e-05 7.519964516597494784e-05 1.999081413447314150e-05 0.000000000000000000e+00 7.085112683481449136e-05 0.000000000000000000e+00
1.522114671361104164e-04 7.874685011066557259e-05 1.727487796515146743e-04 3.449880104888527446e-04 7.797594085371614160e-05 8.949748913657900576e-05 3.914545186086845031e-05 5.831037418918921214e-06 5.291602953989009873e-05 8.558780830395049805e-05 6.187465452818852250e-05 1.623869622753558066e-05 1.748109189067119338e-05 4.424616279711469973e-05 1.060295601951131950e-04 5.402125112488148596e-05 7.519964516597494784e-05 1.999081413447314150e-05 0.000000000000000000e+00 7.085112683481449136e-05 0.000000000000000000e+00
3.268014395816618597e-04 3.618006577705847027e-04 4.022275860615641971e-04 4.866240204005270876e-04 1.723076299806647099e-04 1.019351404323865504e-04 3.499538509103552130e-04 8.119181578091672514e-05 1.250250425099374814e-04 1.824006625401213596e-04 2.184860808113252371e-04 1.415296608774302206e-04 9.649003150157870910e-05 2.264872142815767373e-04 3.444160421023359986e-04 1.735371408294922215e-04 2.163178923633104654e-04 9.680813815738596164e-05 1.691260983510649096e-06 2.524576378946274724e-05 8.074256515056017727e-07
